{
 "cells": [
  {
   "cell_type": "code",
   "execution_count": 1,
   "metadata": {
    "collapsed": false
   },
   "outputs": [],
   "source": [
    "import os\n",
    "import numpy\n",
    "from scipy.sparse import csr_matrix\n",
    "from mnick_rescal import als\n",
    "from triple_reader import triple_reader"
   ]
  },
  {
   "cell_type": "code",
   "execution_count": 2,
   "metadata": {
    "collapsed": false
   },
   "outputs": [],
   "source": [
    "# read in file as tensors\n",
    "filename = (\"/Users/SaahilM/Documents/Princeton/Academics/Thesis/\"\n",
    "    \"Senior Thesis Code/ModifiedEntityGraph/prod/MCTest/production/MCTest/testOutput.txt\")\n",
    "    \n",
    "tr = triple_reader(filename)    "
   ]
  },
  {
   "cell_type": "code",
   "execution_count": 21,
   "metadata": {
    "collapsed": false
   },
   "outputs": [
    {
     "name": "stdout",
     "output_type": "stream",
     "text": [
      "<type 'list'>\n",
      "<type 'numpy.ndarray'>\n",
      "[[  0.00000000e+000   0.00000000e+000   0.00000000e+000   0.00000000e+000\n",
      "    0.00000000e+000]\n",
      " [  4.38323881e-001   7.51159141e-016  -1.12690445e-017   7.18302716e-014\n",
      "   -4.38323881e-001]\n",
      " [  1.55879959e-015  -3.27105216e-017  -1.36410855e-016  -6.65481960e-002\n",
      "   -1.52993121e-015]\n",
      " [  2.88220709e-016  -7.34904982e-001  -7.34904982e-001   9.30349438e-016\n",
      "   -1.10007119e-015]\n",
      " [  1.10648425e-018   1.05918314e-017  -1.06872953e-017  -4.72379708e-005\n",
      "   -9.68649168e-018]\n",
      " [  1.60561710e-014  -3.22016667e-016  -1.06284912e-015  -6.85469252e-001\n",
      "   -1.58389142e-014]\n",
      " [  1.76292169e-017  -4.49509661e-002  -4.49509661e-002   5.69054599e-017\n",
      "   -6.72866067e-017]\n",
      " [ -3.47624027e-006   2.01129294e-016  -2.01182360e-016   3.71934717e-017\n",
      "   -3.47624027e-006]\n",
      " [ -2.17449241e-015  -1.45375448e-028  -1.90093137e-029   8.52943855e-025\n",
      "   -2.17449241e-015]\n",
      " [  4.38323881e-001   7.51159141e-016  -1.12690445e-017   7.18302716e-014\n",
      "   -4.38323881e-001]\n",
      " [ -5.13734913e-001   4.96858869e-016  -1.05395930e-017  -1.43626960e-014\n",
      "   -5.13734913e-001]\n",
      " [ -3.64964502e-006   2.79580760e-016  -2.79636473e-016   3.90487879e-017\n",
      "   -3.64964502e-006]\n",
      " [  1.65095469e-030  -3.31153526e-032  -1.09291510e-031  -7.04824785e-017\n",
      "   -1.62916725e-030]\n",
      " [  1.41472524e-002  -9.69502532e-016  -3.91910079e-016  -1.85069817e-012\n",
      "   -1.41472524e-002]\n",
      " [ -2.15408507e-004  -8.52044492e-017   8.19161872e-017   2.30472856e-015\n",
      "   -2.15408507e-004]\n",
      " [  8.82795602e-015  -1.76863092e-016  -5.84185322e-016  -3.76882659e-001\n",
      "   -8.70841904e-015]\n",
      " [ -1.32051423e-017   3.17851329e-002  -3.17851329e-002   2.68756031e-017\n",
      "    5.04144739e-017]\n",
      " [ -5.13734913e-001   4.96858869e-016  -1.05395930e-017  -1.43626960e-014\n",
      "   -5.13734913e-001]\n",
      " [ -4.98021531e-088  -3.32951740e-101  -4.35368156e-102   1.95348764e-097\n",
      "   -4.98021531e-088]\n",
      " [  6.65648704e-015  -1.33357550e-016  -4.40488118e-016  -2.84178414e-001\n",
      "   -6.56639240e-015]\n",
      " [  1.23279983e-087   2.20751489e-102   2.79017308e-103   2.02180924e-100\n",
      "   -1.23279983e-087]\n",
      " [  4.38323881e-001   7.51159141e-016  -1.12690445e-017   7.18302716e-014\n",
      "   -4.38323881e-001]\n",
      " [ -3.47624027e-006   2.01129294e-016  -2.01182360e-016   3.71934717e-017\n",
      "   -3.47624027e-006]\n",
      " [ -2.15891353e-016   5.19656296e-001  -5.19656296e-001   4.39390214e-016\n",
      "    8.24228071e-016]\n",
      " [  8.82795602e-015  -1.76863092e-016  -5.84185322e-016  -3.76882659e-001\n",
      "   -8.70841904e-015]\n",
      " [ -2.15891353e-016   5.19656296e-001  -5.19656296e-001   4.39390214e-016\n",
      "    8.24228071e-016]\n",
      " [ -1.87215189e-033   4.77361171e-018   4.77361171e-018  -6.04313085e-033\n",
      "    7.14556687e-033]\n",
      " [  1.24006205e-014  -2.57960687e-016  -8.30125933e-016  -5.29406674e-001\n",
      "   -1.22328606e-014]\n",
      " [  1.48529576e-002  -1.22708685e-015  -6.69427963e-016  -1.40021202e-012\n",
      "   -1.48529576e-002]\n",
      " [ -3.64964502e-006   2.79580760e-016  -2.79636473e-016   3.90487879e-017\n",
      "   -3.64964502e-006]\n",
      " [  8.52478580e-020   3.30706668e-019  -3.38061576e-019  -3.63939734e-006\n",
      "   -7.46363491e-019]\n",
      " [  2.09904551e-033  -5.05245903e-018   5.05245903e-018  -4.27205649e-033\n",
      "   -8.01371712e-033]\n",
      " [  6.39448949e-020   3.94010374e-018  -3.94562070e-018  -2.72993229e-006\n",
      "   -5.59688017e-019]\n",
      " [  0.00000000e+000   0.00000000e+000   0.00000000e+000   0.00000000e+000\n",
      "    0.00000000e+000]\n",
      " [ -1.32051423e-017   3.17851329e-002  -3.17851329e-002   2.68756031e-017\n",
      "    5.04144739e-017]\n",
      " [  9.20972584e-029  -1.84882900e-030  -6.10264256e-030  -3.93526179e-015\n",
      "   -9.10631142e-029]\n",
      " [  0.00000000e+000   0.00000000e+000   0.00000000e+000   0.00000000e+000\n",
      "    0.00000000e+000]\n",
      " [ -3.17613470e-025   8.59675164e-039   2.58567165e-040  -8.18192686e-027\n",
      "   -3.17613470e-025]\n",
      " [ -2.26962947e-015  -2.02918097e-028  -1.52062863e-028   2.69516466e-024\n",
      "   -2.26962947e-015]]\n",
      "[array([[ -1.25309903e-02,   1.32975826e-17,  -3.95575258e-19,\n",
      "         -4.13050362e-18,  -1.25309903e-02],\n",
      "       [  1.09872232e-15,  -1.16593744e-30,   3.46841993e-32,\n",
      "          3.62164235e-31,   1.09872232e-15],\n",
      "       [  6.00943264e-16,  -6.37706396e-31,   1.89704310e-32,\n",
      "          1.98084769e-31,   6.00943264e-16],\n",
      "       [  1.21789021e-12,  -1.29239551e-27,   3.84460622e-29,\n",
      "          4.01444721e-28,   1.21789021e-12],\n",
      "       [  1.25309903e-02,  -1.32975826e-17,   3.95575258e-19,\n",
      "          4.13050362e-18,   1.25309903e-02]]), array([[  1.17327736e-28,  -3.90238301e-31,  -3.20090769e-30,\n",
      "         -2.16682131e-15,  -5.68280623e-29],\n",
      "       [ -4.40173591e-31,   1.46404081e-33,   1.20087123e-32,\n",
      "          8.12917346e-18,   2.13199479e-31],\n",
      "       [ -7.50827076e-30,   2.49729086e-32,   2.04838876e-31,\n",
      "          1.38663556e-16,   3.63665484e-30],\n",
      "       [ -2.16757571e-15,   7.20947230e-18,   5.91352906e-17,\n",
      "          4.00310226e-02,   1.04987219e-15],\n",
      "       [ -5.77695177e-29,   1.92144494e-31,   1.57605439e-30,\n",
      "          1.06689370e-15,   2.79808497e-29]]), array([[ -2.29747558e-102,  -1.99730495e-115,  -1.49906447e-115,\n",
      "          2.57301108e-111,  -2.29747558e-102],\n",
      "       [ -4.89007403e-117,  -4.25117426e-130,  -3.19069168e-130,\n",
      "          5.47653902e-126,  -4.89007403e-117],\n",
      "       [ -5.49997152e-118,  -4.78138719e-131,  -3.58863961e-131,\n",
      "          6.15958132e-127,  -5.49997152e-118],\n",
      "       [ -3.00229769e-115,  -2.61004037e-128,  -1.95894912e-128,\n",
      "          3.36236227e-124,  -3.00229769e-115],\n",
      "       [  2.29747558e-102,   1.99730495e-115,   1.49906447e-115,\n",
      "         -2.57301108e-111,   2.29747558e-102]]), array([[ -6.64080168e-32,   2.39468528e-16,  -2.39468528e-16,\n",
      "         -1.08846015e-18,  -3.82959863e-31],\n",
      "       [  2.59375943e-16,  -6.52185073e-01,   6.52185073e-01,\n",
      "         -7.38627242e-16,  -8.84944417e-16],\n",
      "       [  2.59375943e-16,  -6.52185073e-01,   6.52185073e-01,\n",
      "         -7.38600882e-16,  -8.84944417e-16],\n",
      "       [ -5.32440364e-19,   1.35003914e-15,  -1.35000579e-15,\n",
      "          2.01024241e-05,   1.30738298e-17],\n",
      "       [  3.10663435e-31,  -8.16308904e-16,   8.16308904e-16,\n",
      "          5.27978398e-19,  -7.64284427e-31]]), array([[ -1.19356082e-02,   1.26657775e-17,  -3.76780380e-19,\n",
      "         -3.93425194e-18,  -1.19356082e-02],\n",
      "       [  8.67629478e-16,  -9.20707329e-31,   2.73891166e-32,\n",
      "          2.85990701e-31,   8.67629478e-16],\n",
      "       [  3.51822923e-16,  -3.73345941e-31,   1.11062606e-32,\n",
      "          1.15968955e-31,   3.51822923e-16],\n",
      "       [  1.60954112e-12,  -1.70800595e-27,   5.08096032e-29,\n",
      "          5.30541902e-28,   1.60954112e-12],\n",
      "       [  1.19356082e-02,  -1.26657775e-17,   3.76780380e-19,\n",
      "          3.93425194e-18,   1.19356082e-02]]), array([[ -3.87360408e-27,   1.02570685e-40,   2.96579783e-42,\n",
      "         -1.42430049e-28,  -3.87360408e-27],\n",
      "       [  3.39630481e-40,   2.90343909e-47,   2.37547285e-46,\n",
      "          1.60725043e-31,   3.39643414e-40],\n",
      "       [  1.85693398e-40,   2.38158901e-46,   1.94851631e-45,\n",
      "          1.31837064e-30,   1.85799476e-40],\n",
      "       [ -4.83013318e-29,   1.61219758e-31,   1.31903246e-30,\n",
      "          8.92460411e-16,   2.35077102e-29],\n",
      "       [  3.87360408e-27,  -1.02575180e-40,  -3.00257685e-42,\n",
      "          1.17545279e-28,   3.87360408e-27]]), array([[ -8.16870988e-16,  -7.10144856e-29,  -5.32994684e-29,\n",
      "          9.14838060e-25,  -8.16870988e-16],\n",
      "       [ -1.56358883e-30,  -1.35930224e-43,  -1.02021561e-43,\n",
      "          1.75110953e-39,  -1.56358883e-30],\n",
      "       [  1.73207330e-32,   1.50577381e-45,   1.13014892e-45,\n",
      "         -1.93980029e-41,   1.73207330e-32],\n",
      "       [ -1.06715062e-28,  -9.27724863e-42,  -6.96297968e-42,\n",
      "          1.19513365e-37,  -1.06715062e-28],\n",
      "       [  8.16870988e-16,   7.10144856e-29,   5.32994684e-29,\n",
      "         -9.14838060e-25,   8.16870988e-16]]), array([[  1.09709396e-44,  -3.66070566e-47,  -2.99427949e-46,\n",
      "         -2.02613377e-31,  -5.31490005e-45],\n",
      "       [ -4.11592183e-47,   1.37337173e-49,   1.12335139e-48,\n",
      "          7.60136186e-34,   1.99396896e-47],\n",
      "       [ -7.02074276e-46,   2.34263186e-48,   1.91615912e-47,\n",
      "          1.29660398e-32,   3.40121697e-46],\n",
      "       [ -2.02683041e-31,   6.76298456e-34,   5.53179301e-33,\n",
      "          3.74318852e-18,   9.81903227e-32],\n",
      "       [ -5.40184199e-45,   1.80244849e-47,   1.47431535e-46,\n",
      "          9.97622341e-32,   2.61693631e-45]]), array([[  1.50925043e-28,  -5.03010730e-31,  -4.11867091e-30,\n",
      "         -2.78741032e-15,  -7.32386958e-29],\n",
      "       [ -5.66219210e-31,   1.88712445e-33,   1.54518465e-32,\n",
      "          1.04574115e-17,   2.74766571e-31],\n",
      "       [ -9.65829671e-30,   3.21896670e-32,   2.63570213e-31,\n",
      "          1.78377527e-16,   4.68683687e-30],\n",
      "       [ -2.78827043e-15,   9.29289082e-18,   7.60905421e-17,\n",
      "          5.14961178e-02,   1.35305106e-15],\n",
      "       [ -7.43120700e-29,   2.47671081e-31,   2.02794020e-30,\n",
      "          1.37245766e-15,   3.60610737e-29]]), array([[ -1.19356082e-02,   1.26657775e-17,  -3.76780380e-19,\n",
      "         -3.93425194e-18,  -1.19356082e-02],\n",
      "       [  8.67629478e-16,  -9.20707329e-31,   2.73891166e-32,\n",
      "          2.85990701e-31,   8.67629478e-16],\n",
      "       [  3.51822923e-16,  -3.73345941e-31,   1.11062606e-32,\n",
      "          1.15968955e-31,   3.51822923e-16],\n",
      "       [  1.60954112e-12,  -1.70800595e-27,   5.08096032e-29,\n",
      "          5.30541902e-28,   1.60954112e-12],\n",
      "       [  1.19356082e-02,  -1.26657775e-17,   3.76780380e-19,\n",
      "          3.93425194e-18,   1.19356082e-02]]), array([[ -1.25309903e-02,   1.32975826e-17,  -3.95575258e-19,\n",
      "         -4.13050362e-18,  -1.25309903e-02],\n",
      "       [  1.09872232e-15,  -1.16593744e-30,   3.46841993e-32,\n",
      "          3.62164235e-31,   1.09872232e-15],\n",
      "       [  6.00943264e-16,  -6.37706396e-31,   1.89704310e-32,\n",
      "          1.98084769e-31,   6.00943264e-16],\n",
      "       [  1.21789021e-12,  -1.29239551e-27,   3.84460622e-29,\n",
      "          4.01444721e-28,   1.21789021e-12],\n",
      "       [  1.25309903e-02,  -1.32975826e-17,   3.95575258e-19,\n",
      "          4.13050362e-18,   1.25309903e-02]]), array([[ 0.,  0.,  0.,  0.,  0.],\n",
      "       [ 0.,  0.,  0.,  0.,  0.],\n",
      "       [ 0.,  0.,  0.,  0.,  0.],\n",
      "       [ 0.,  0.,  0.,  0.,  0.],\n",
      "       [ 0.,  0.,  0.,  0.,  0.]]), array([[ -2.32755274e-04,   1.61107438e-16,  -1.64541940e-16,\n",
      "          2.35464782e-15,  -2.32755274e-04],\n",
      "       [  2.58923883e-16,  -6.52185073e-01,   6.52185073e-01,\n",
      "         -7.38631237e-16,  -8.85396477e-16],\n",
      "       [  2.59388699e-16,  -6.52185073e-01,   6.52185073e-01,\n",
      "         -7.38631237e-16,  -8.84931661e-16],\n",
      "       [ -1.08273757e-17,   1.35488148e-15,  -1.35488148e-15,\n",
      "          1.11068645e-28,  -1.08273757e-17],\n",
      "       [  2.32755274e-04,  -7.37947814e-16,   7.41382316e-16,\n",
      "         -2.35464782e-15,   2.32755274e-04]]), array([[  2.40991175e-27,  -8.02365952e-30,  -6.57559512e-29,\n",
      "         -4.45073886e-14,  -1.16834398e-27],\n",
      "       [ -8.43911007e-30,   2.80988865e-32,   2.30267959e-31,\n",
      "          1.55857618e-16,   4.09152951e-30],\n",
      "       [ -6.61723651e-29,   2.20318364e-31,   1.80555597e-30,\n",
      "          1.22210264e-15,   3.20810608e-29],\n",
      "       [ -4.45081258e-14,   1.48187188e-16,   1.21443208e-15,\n",
      "          8.21997092e-01,   2.15778858e-14],\n",
      "       [ -1.16926399e-27,   3.89299433e-30,   3.19040987e-29,\n",
      "          2.15945196e-14,   5.66868099e-28]]), array([[ -1.10940173e+00,   1.17727018e-15,  -3.50213245e-17,\n",
      "         -3.65684417e-16,  -1.10940173e+00],\n",
      "       [ -2.22150058e-15,   2.35740246e-30,  -7.01277905e-32,\n",
      "         -7.32257862e-31,  -2.22150058e-15],\n",
      "       [  2.91251457e-17,  -3.09068972e-32,   9.19415523e-34,\n",
      "          9.60032022e-33,   2.91251457e-17],\n",
      "       [ -1.44863541e-13,   1.53725671e-28,  -4.57301706e-30,\n",
      "         -4.77503664e-29,  -1.44863541e-13],\n",
      "       [  1.10940173e+00,  -1.17727018e-15,   3.50213245e-17,\n",
      "          3.65684417e-16,   1.10940173e+00]]), array([[ -7.82629845e-16,  -5.08529177e-29,  -6.67083216e-30,\n",
      "          2.89534176e-25,  -7.82629845e-16],\n",
      "       [ -1.49804719e-30,  -9.73385704e-44,  -1.27687711e-44,\n",
      "          5.54203064e-40,  -1.49804719e-30],\n",
      "       [  1.65946921e-32,   1.07827285e-45,   1.41446696e-46,\n",
      "         -6.13921198e-42,   1.65946921e-32],\n",
      "       [ -1.02241840e-28,  -6.64336518e-42,  -8.71469645e-43,\n",
      "          3.78244033e-38,  -1.02241840e-28],\n",
      "       [  7.82629845e-16,   5.08529177e-29,   6.67083216e-30,\n",
      "         -2.89534176e-25,   7.82629845e-16]]), array([[  3.73410945e-32,   3.25314103e-31,  -3.27652601e-31,\n",
      "         -1.40960484e-18,  -9.16621607e-31],\n",
      "       [ -1.24757502e-34,  -1.08554941e-33,   1.09335708e-33,\n",
      "          4.70632557e-21,   3.05846347e-33],\n",
      "       [ -1.03677601e-33,  -8.91475318e-33,   8.97921348e-33,\n",
      "          3.88555157e-20,   2.50978506e-32],\n",
      "       [ -6.89652257e-19,  -6.00820451e-18,   6.05139414e-18,\n",
      "          2.60339328e-05,   1.69290202e-17],\n",
      "       [ -1.81273189e-32,  -1.57901990e-31,   1.59037130e-31,\n",
      "          6.84241925e-19,   4.44908721e-31]])]\n",
      "0\n",
      "10\n",
      "[ 0.00547099  0.00467706  0.00444293  0.00448799  0.00607204  0.00607514\n",
      "  0.00632787  0.00517821  0.00447011  0.00450301]\n"
     ]
    }
   ],
   "source": [
    "print type(tr.tensor)\n",
    "print type(tr.tensor[0])\n",
    "# convert them to scipy csr_matrix\n",
    "csrTensor = map(lambda x: csr_matrix(x), tr.tensor)\n",
    "\n",
    "A, R, f, itr, exectimes = als(csrTensor, 5)\n",
    "\n",
    "print A\n",
    "print R\n",
    "print f\n",
    "print itr\n",
    "print exectimes"
   ]
  }
 ],
 "metadata": {
  "kernelspec": {
   "display_name": "Python 2",
   "language": "python",
   "name": "python2"
  },
  "language_info": {
   "codemirror_mode": {
    "name": "ipython",
    "version": 2
   },
   "file_extension": ".py",
   "mimetype": "text/x-python",
   "name": "python",
   "nbconvert_exporter": "python",
   "pygments_lexer": "ipython2",
   "version": "2.7.10"
  }
 },
 "nbformat": 4,
 "nbformat_minor": 0
}
